function y=fun(x)%---------可进行更改-------
y=0.072*x(1)+0.063*x(2)+0.057*x(3)+0.05*x(4)+0.032*x(5)+0.0442*x(6)+0.0675*x(7)+7;
end