function y = fun(x)

%y=0.072*x(1)+0.063*x(2)+0.057*x(3)+0.05*x(4)+0.032*x(5)+0.0442*x(6)+0.0675*x(7);
y=-20*exp(-0.2*sqrt((x(1)^2+x(2)^2)/2))-exp((cos(2*pi*x(1))+cos(2*pi*x(2)))/2)+20+2.71282;



